WurnB oSNLi 7 6 7 9 6 9 7 9 9 9 87 63 92 92 85 95 72 82 74
OwjoE CltyQ 8 7 7 6 7 9 6 9 9 6 76 79 68 68 87 75 83 86 68
pliBH vxbgW 6 7 8 8 6 8 8 8 6 6 75 62 93 79 72 91 72 99 69
liUoS GwIty 7 9 6 6 9 9 9 9 9 6 91 99 72 67 78 64 61 69 96
tCnIN vPglm 9 9 8 7 8 6 6 6 9 8 75 71 75 96 83 93 82 96 74
MyVvW yJYPG 8 9 9 7 9 9 9 9 7 8 87 85 61 67 68 81 92 78 72
SBrES fPbVK 9 8 9 8 8 7 7 9 7 6 85 97 79 79 79 88 67 86 68
EVLPr GngVA 9 9 6 7 6 7 9 7 7 7 71 73 64 68 61 86 83 97 67
HmnMX JsTYg 9 7 9 6 6 8 8 7 9 6 67 84 69 62 63 64 87 64 77
adovA DMcGd 8 8 9 9 6 9 6 9 8 8 91 82 77 98 96 74 92 75 62
OjCfN remtQ 7 8 9 7 6 8 8 6 8 6 93 88 71 65 86 79 66 94 87
HGJmh NFyta 8 9 8 7 7 6 8 6 9 7 64 68 63 65 78 76 87 74 67
yfMmQ mJJrB 9 9 7 6 6 6 8 8 8 9 66 94 68 71 82 99 65 73 77
jKQrO UdNgk 8 7 9 9 8 7 8 7 7 6 74 78 91 94 74 85 94 77 71
Expic SKxwM 6 9 9 9 7 6 8 6 9 7 77 61 86 95 66 84 72 97 76
QkVth csNmL 8 9 6 6 9 9 9 8 7 6 87 65 84 72 81 83 74 68 66
VJXms KymoN 8 8 8 7 6 7 8 8 8 6 72 88 75 84 99 86 71 78 67
YfMaX AjqLF 7 6 9 8 6 8 9 6 7 7 63 84 65 99 96 88 72 73 92
zNXFg nXWCa 7 8 7 8 6 7 8 6 9 8 89 84 98 96 86 63 92 97 93
UErZy equzH 7 8 8 9 7 9 9 6 9 7 71 86 95 69 63 67 87 76 93
CCmTf QHpHj 6 8 8 7 8 6 7 9 9 8 75 68 89 75 67 94 76 66 61
cNggh uUITA 8 8 8 9 7 8 8 8 8 7 95 67 93 67 89 83 75 85 89
mtvXN FStHI 8 9 7 6 8 8 7 7 7 8 97 64 67 61 71 82 95 75 85
pITrj hOpgn 6 8 7 6 6 9 8 9 9 6 97 73 71 99 94 67 92 98 69
lrziZ VFiIt 7 7 7 6 9 9 6 9 7 8 73 75 97 85 93 93 88 72 71
DNoQn zAOul 6 8 6 9 7 8 9 8 6 7 98 84 84 74 86 62 99 85 95
XNmzF lEzXe 7 6 6 6 7 7 7 6 9 9 96 67 78 63 66 83 86 61 61
SCPuK qKkuN 6 7 7 8 6 7 9 6 6 8 67 62 85 76 94 91 89 72 63
MZndI tLKSf 7 7 7 6 6 6 6 9 8 9 61 98 86 78 76 86 63 65 64
mRjUq fREGd 6 6 6 8 9 6 7 9 6 9 71 88 96 71 98 81 79 84 78
BXJxG gUJpp 9 6 7 6 9 6 9 9 7 9 66 94 89 99 76 97 64 91 68
WvdRx WUFmo 7 7 8 9 9 8 9 9 9 6 77 61 63 97 76 67 74 95 63
ebEpF eNgDK 9 9 7 6 6 7 6 8 6 8 75 75 86 63 76 94 73 61 92
IhyGn uRTzW 7 7 7 9 9 7 8 6 7 9 82 63 73 72 88 86 84 77 92
eUkeg LFRyd 9 8 6 8 9 7 9 9 7 8 88 93 66 66 62 89 97 62 94
NtyYu tqZmc 8 9 8 6 8 6 6 7 6 7 73 92 81 71 71 96 72 65 62
YBLIV teptl 7 8 8 9 9 9 7 8 8 6 61 78 92 63 91 79 95 98 98
eCFsk Fufkl 6 9 8 9 9 7 6 8 7 7 91 89 79 78 74 92 69 62 96
QqPOm RHMJc 7 8 6 8 6 7 7 7 7 6 82 65 93 67 62 94 93 66 87
nuoLr mwDfv 9 8 7 7 8 7 6 6 9 6 68 91 62 91 91 69 94 94 78
UuuXi jrZQq 7 8 9 6 8 6 7 6 7 8 64 65 98 79 87 89 64 73 94
lsMTG dzRGM 6 7 6 7 9 8 6 6 8 8 68 87 73 64 97 95 98 63 98
nvLbp JRUda 6 9 9 6 9 6 7 6 8 8 76 82 92 78 97 92 68 67 65
GdlOr oDqqZ 6 9 9 7 8 8 7 6 8 7 75 82 96 89 63 85 85 82 67
mbNwZ CIRja 7 9 8 8 7 8 7 7 6 9 76 64 97 74 79 93 88 91 96
hWbRC aeLCu 9 7 7 7 8 7 9 7 7 7 85 99 88 63 76 61 85 92 73
paWeM czzir 8 6 8 8 6 9 6 8 6 7 72 78 63 76 86 61 94 78 62
uERuo KwjbV 8 9 6 7 8 9 6 8 8 8 63 73 84 95 96 88 92 72 67
CaTas qZTxC 7 9 9 8 9 8 9 8 9 7 81 62 69 88 64 84 94 81 75
bLoDc XnlyH 7 8 6 9 6 7 8 7 6 9 93 84 79 64 92 96 73 66 86
dDkvd XekGg 7 6 9 6 9 6 8 9 8 6 71 74 63 76 64 69 92 82 98
jMnWj XXMnm 7 8 7 9 7 8 8 8 6 9 79 87 91 66 75 97 83 75 78
kiasD JXbVw 6 8 9 8 9 8 6 8 7 6 95 76 83 71 67 87 63 82 62
UjGsT UddVS 6 9 7 9 6 9 9 9 9 7 76 78 99 66 95 74 74 82 63
SKSEP DRAtp 7 8 6 8 6 6 9 6 7 8 89 89 96 94 69 69 61 84 81
WiocL eocxt 9 6 9 8 6 6 6 6 9 9 75 95 65 85 63 67 68 92 73
SVpHn zoeDN 8 8 7 7 6 7 8 7 9 8 84 88 78 82 62 78 94 96 74
QJDfU dJZiQ 8 8 8 8 9 9 9 9 9 7 93 92 95 92 66 87 92 65 88
cCwYA eDwtk 6 7 8 9 7 9 7 6 8 7 75 76 98 89 66 81 69 86 82
PjgRa lnzjt 9 6 6 9 6 7 9 9 9 6 69 71 78 82 96 81 98 66 72